    992.0000        303.1600        290.1600        209.9999     
    6.000000        103.0000    
    991.0000        299.5600        288.5600        215.6175     
    6.361891        111.9650    
    984.0000        298.9596        288.4099        239.9999     
    10.00000        174.5116    
    969.0000        297.6585        288.0846        214.9999     
    10.00000        309.6176    
    949.0000        295.8920        287.6430        239.9999     
    11.00000        492.0978    
    920.0000        293.2633        286.9858        219.9999     
    13.00000        761.6149    
    901.0000        291.4957        286.5439        234.9999     
    14.00000        941.4776    
    889.0000        290.3600        286.2600        233.8915     
    13.75611        1056.461    
    851.0000        288.2177        280.3199        229.9999     
    13.00000        1428.613    
    850.0000        288.1600        280.1600        234.9999     
    13.00000        1438.582    
    837.0000        287.2351        279.0638        259.9999     
    12.00000        1569.005    
    778.0000        282.8486        273.8650        244.9999     
    17.00000        2181.456    
    718.0000        278.0324        268.1569        254.9999     
    27.00000        2842.373    
    710.0000        277.3600        267.3600        248.2499     
    27.20887        2933.693    
    700.0000        276.3600        268.3600        239.9999     
    28.00000        3048.958    
    685.0000        274.9282        268.5803        229.9999     
    26.00000        3224.234    
    673.0000        273.7600        268.7600        236.3015     
    25.83553        3366.577    
    643.0000        271.0600        262.0600        252.2204     
    26.84601        3731.101    
    639.0000        270.8600        258.8600        254.2681     
    27.13719        3780.687    
    605.0000        268.1473        252.1285        269.9999     
    31.00000        4212.636    
    530.0000        261.5808        235.8340        254.9999     
    39.00000        5239.709    
    514.0000        260.0600        232.0600        257.7226     
    40.53991        5473.887    
    500.0000        258.2600        232.2600        259.9999     
    42.00000        5683.503    
    489.0000        257.0600        231.0600        263.8279     
    40.65106        5851.383    
    485.0000        256.4600        243.4600        265.3035     
    40.20094        5913.160    
    473.0000        255.3535        240.5093        269.9999     
    39.00000        6100.988    
    472.0000        255.2600        240.2600        269.7776     
    39.05841        6116.817    
    402.0000        244.9794        233.8589        254.9999     
    45.00000        7292.956    
    400.0000        244.6600        233.6600        254.9999     
    44.00000        7328.722    
    395.0000        244.0600        234.0600        256.0608     
    44.82005        7418.756    
    347.0000        236.4305        226.4305        264.9999     
    54.00000        8330.447    
    313.0000        230.3580        220.3580        269.9999     
    45.00000        9035.348    
    302.0000        228.2513        218.2513        264.9999     
    46.00000        9275.608    
    300.0000        227.8600        217.8600        264.9999     
    48.00000        9319.987    
    297.0000        227.4600        217.4600        262.0491     
    48.69513        9386.997    
    276.0000        228.6600        205.6600        243.6597     
    57.14988        9876.780    
    271.0000        227.8094        204.8094        239.9999     
    60.00000        9998.979    
    261.0000        226.0600        203.0600        244.2359     
    66.60840        10248.86    
    259.0000        226.6317        202.7384        244.9999     
    68.00000        10299.85    
    250.0000        229.2600        201.2600        249.9999     
    65.00000        10535.94    
    238.0000        230.8600        194.8600        248.3995     
    67.03287        10867.36    
    212.0000        229.2639        193.9290        244.9999     
    72.00000        11646.79    
    200.0000        228.4600        193.4600        249.9999     
    64.00000        12037.33    
    189.0000        227.2015        192.3981        244.9999     
    59.00000        12414.78    
    151.0000        222.2078        188.1847        249.9999     
    67.00000        13891.92    
    150.0000        222.0600        188.0600        249.9999     
    67.00000        13935.14    
    142.0000        220.8600        187.8600        249.9999     
    59.22548        14290.61    
    134.0000        221.8988        188.3794        249.9999     
    51.00000        14666.55    
    127.0000        222.8600        188.8600        258.2360     
    41.87289        15015.97    
    123.0000        221.7020        188.1474        264.9999     
    37.00000        15224.30    
    121.0000        221.1088        187.7823        259.9999     
    33.00000        15330.60    
    116.0000        219.5818        186.8426        244.9999     
    36.00000        15602.91    
    110.0000        217.6600        185.6600        249.9999     
    44.00000        15942.95    
    107.0000        220.2600        187.2600        249.9999     
    32.00000        16120.26    
    100.0000        218.8600        185.8600        259.9999     
    45.00000        16555.30    
