  2287 45.02777 10.00666    40    40    40  PC
  2288 44.74524 11.06678    23    23    23  MO
  2289 44.24625 10.34918    28    28    28  MO
  2290 44.62944 11.02888    33    33    33  MO
  2291 44.44055 11.24250   275   275   275  BO
  2292 44.44944 11.86750    11    11    11  RA
  2293 44.74051 11.71377     3     3     3  FE
  2294 44.83857 11.50958    14    14    14  FE
  2295 44.32856 12.15019     7     7     7  RA
  2296 44.31500 12.01888    17    17    17  RA
  2297 44.03527 12.50138    26    26    26  RN
  2298 43.92861 12.66027    63    63    63  RN
  2299 43.99527 12.58111    35    35    35  RN
  2300 44.41611 11.68972    32    41    32  BO
  2301 44.69583 11.14555    18    18    18  BO
  2302 44.68616 10.29696    18    18    18  PR
  2303 44.91583 11.83277     2     2     2  FE
  2304 44.59055 11.25055    25    25    25  BO
  2305 44.74416 10.77388    33    33    33  RE
  2306 44.69111 10.51083    95    95    85  RE
  2307 44.08972 12.27527   118   118   118  FC
  2308 44.55694 11.84583     6     6     6  RA
  2309 43.86742 12.66715   340   340   340  RN
  2310 44.13414 12.45021    10    10    10  RN
  2311 43.93413 12.56688   170   170   170  RN
  2312 44.79777 11.11916    26    26	26  MO
  2313 45.00500  9.53027    81    81	81  PC
  6227 45.57000 11.53300    20    20    20  BO
  6228 44.56800 11.70000     8     8     8  BO
  6232 44.41100 11.59600    58    58    58  BO
  6233 44.55100 10.90900    90    90    90  MO
  6237 45.00600 10.16700    31    31    31  PR
  6238 44.83600 10.57805    23    23    23  RE
  6239 44.47555 10.50861   580   580   580  RE
  6240 44.32833 10.62277   630   630   630  MO
  6242 44.78056 10.03861   277   277   277  PR
  6245 44.88611 11.01611    18    18    18  MO
  6246 44.70722 11.89111     0     0     0  FE
  6251 44.27583 11.92361    32    32    32  RA
  6257 44.35972 11.95917    65    65    65  RA
  6259 44.04111 11.98194    65    65    65  RA
  6260 45.04100  9.58944    68    68    68  PC
  6261 45.02500 10.00472    41    41    41  PC
  6263 44.82500 11.12555    16    16    16  MO
  6264 44.62752 11.29055    25    25    25  BO
  6265 44.41611 11.68972    32    32    32  BO
  6267 43.95250 12.53611   185   185   185  RN
  6270 43.91277 12.64388    65    65    65  RN
  6289 44.12000 11.80805   556   556   556  FC
  6640 44.74638 11.74638     3     3     3  FE
  6643 44.83166 11.45416    10    10    10  FE
  7218 44.17861 11.20000    65    65    65  BO
  7331 44.94444 10.35139    29    29    29  PR
  7332 44.89305 10.08750    59    59    59  PR
  7333 44.70555 10.20694   317   317   317  PR
  7334 44.90555 10.25972    32    32    32  PR
  7353  44.642780   10.356940  258  258 'Sivizzano'
  7354  44.744170   10.147500  104  104 'Medesano'
  7355  44.877220   10.225830   42   42 'Grugno'
  7356  44.648330   10.258610  347  347 'Casatico'
  7357  44.693330   10.853330   40   40 'Campogalliano'
 53010 44.88638 10.38166    30    30    30  PR
 70000 44.22027 11.75750   160   160   161  RA
