  6491 43.61942 12.67222     0     0    -1
  6543 43.54167 13.38611     0     0    -1
  6544 43.61108 13.50833     0     0    -1
  6545 43.55833 12.41944     0     0    -1
  6548 43.83886 12.89444     0     0    -1
  6550 43.51667 13.53333     0     0    -1
  6552 43.66111 13.16389     0     0    -1
  6557 43.59722 13.33333     0     0    -1
  6560 43.83611 12.50833     0     0    -1
  6561 43.87775 12.58889     0     0    -1
  6562 43.64167 13.07778     0     0    -1
  6571 43.79167 12.61667     0     0    -1
  6572 43.86108 12.78611     0     0    -1
  6573 43.90833 12.89722     0     0    -1
  6574 43.51111 12.73333     0     0    -1
  6578 43.68611 12.86111     0     0    -1
  6581 43.52222 13.24444     0     0    -1
  6584 43.74722 12.92500     0     0    -1
  6590 43.61108 13.29167     0     0    -1
  6591 43.52500 13.06111     0     0    -1
  6596 43.56111 12.83611     0     0    -1
  6597 43.90833 12.88889     0     0    -1
  6598 43.82500 12.25000     0     0    -1
  6599 43.78333 12.71667     0     0    -1
  6605 43.74722 13.16944     0     0    -1
  6612 43.66389 12.41111     0     0    -1
  6613 43.66389 13.01389     0     0    -1
  6615 43.78056 12.49444     0     0    -1
  6625 43.72222 12.63611     0     0    -1
