  7680 43.57778 10.68056     3     3    -1
  7763 43.80275 11.70556    44    44    -1
  7764 43.56111 11.85833    30    30    -1
  7765 43.70833 10.38889     0     0    -1
  7766 43.67778 10.27222     0     0    -1
  7768 43.79445 11.45556     9     9    -1
  7769 43.79445 11.45556     9     9    -1
  7770 43.95278 11.12500     8     8    -1
  7771 43.60278 10.96667     5     5    -1
  7772 43.53886 11.56389    15    15    -1
  7773 43.77222 11.24444     6     6    -1
  7774 43.77222 11.24444     6     6    -1
  7775 43.77222 11.24444     6     6    -1
  7776 43.76108 11.04444     2     2    -1
  7777 43.66945 10.63333     1     1    -1
  7778 43.97500 11.28056    22    22    -1
  7779 43.80275 11.12778     4     4    -1
  7780 43.92220 10.88889     5     5    -1
  7781 43.80275 11.06389     5     5    -1
  7783 43.71111 11.44722    11    11    -1
  7784 43.77500 11.41389     9     9    -1
  7785 43.71667 10.80556     1     1    -1
  7786 43.71667 10.80556     1     1    -1
  7787 43.68333 10.58611     2     2    -1
  7788 43.68333 10.58611     1     1    -1
  7789 43.88055 11.52778    14    14    -1
  7790 43.83333 11.67222    74    74    -1
  7791 43.79720 11.70833    52    52    -1
  7792 43.73889 11.62222    70    70    -1
  7793 43.68333 11.75278    38    38    -1
  7794 43.80833 11.81389   110   110    -1
  7795 43.78889 11.87500    83    83    -1
  7796 43.71111 11.82778    41    41    -1
  7797 43.70833 11.92778   112   112    -1
  7798 43.62775 11.81389    33    33    -1
  7805 43.50553 11.71944    24    24    -1
  7808 43.59444 11.60833    29    29    -1
  7809 43.59167 11.51667    21    21    -1
  7810 43.60831 11.43056    32    32    -1
  7811 43.64719 11.55278    38    38    -1
  7812 43.73056 11.55000    95    95    -1
  7813 43.97778 11.22778    27    27    -1
  7814 44.05275 11.30000    53    53    -1
  7815 43.90833 11.28333    26    26    -1
  7816 43.97778 11.31667    33    33    -1
  7817 44.02222 11.33333    37    37    -1
  7818 44.03056 11.46667    63    63    -1
  7819 44.00830 11.43333    40    40    -1
  7820 43.95278 11.38333    19    19    -1
  7821 43.96667 11.53889    36    36    -1
  7822 43.77778 11.58889    96    96    -1
  7823 44.00553 11.27222    40    40    -1
  7824 44.08333 11.27778    43    43    -1
  7825 44.04164 11.19722    53    53    -1
  7826 43.71944 11.45000    10    10    -1
  7827 43.77778 11.25556     5     5    -1
  7828 43.53611 10.91944    45    45    -1
  7829 44.05833 11.29444    43    43    -1
  7830 43.82222 11.19167     4     4    -1
  7831 43.77778 11.13333     3     3    -1
  7832 43.75555 11.19167     3     3    -1
  7833 43.77222 11.23611     5     5    -1
  7834 43.88608 11.09167     7     7    -1
  7835 43.83611 11.13056     3     3    -1
  7836 44.05833 11.12222    65    65    -1
  7837 43.54722 11.35278    66    66    -1
  7839 43.66111 11.31111    13    13    -1
  7840 43.63055 10.85000     5     5    -1
  7841 43.57778 11.31389    23    23    -1
  7843 43.68886 10.89444     3     3    -1
  7844 43.71389 11.21389     8     8    -1
  7845 43.82222 11.19167     6     6    -1
  7847 43.99164 10.96111    54    54    -1
  7848 44.28056 10.30278   157   157    -1
  7849 44.25278 10.31111   103   103    -1
  7850 44.23886 10.33889    87    87    -1
  7851 44.13055 10.20278   106   106    -1
  7852 44.17500 10.48333    58    58    -1
  7853 44.20833 10.45833   129   129    -1
  7854 44.18611 10.48333   152   152    -1
  7855 44.15831 10.40556    49    49    -1
  7856 44.08333 10.45556    21    21    -1
  7857 44.07500 10.26944   152   152    -1
  7858 44.05556 10.26111    80    80    -1
  7859 44.16389 10.52222   161   161    -1
  7860 44.02222 10.36389    49    49    -1
  7861 44.05556 10.45278    17    17    -1
  7862 43.99722 10.34444    89    89    -1
  7863 43.99164 10.42778    34    34    -1
  7864 44.02775 10.53611    13    13    -1
  7865 44.05275 10.56944    60    60    -1
  7866 44.13889 10.65556   134   134    -1
  7867 44.12500 10.73889   100   100    -1
  7868 44.12500 10.78889   172   172    -1
  7869 44.11111 10.68889   110   110    -1
  7870 44.09444 10.75556    59    59    -1
  7871 44.07500 10.79167    76    76    -1
  7872 44.03611 10.81944    81    81    -1
  7873 44.05275 10.79167    63    63    -1
  7874 44.00278 10.80556    97    97    -1
  7875 44.03889 10.71389    35    35    -1
  7876 43.99722 10.56667    11    11    -1
  7877 43.98056 10.53333    10    10    -1
  7878 43.95000 10.41944    28    28    -1
  7879 43.93333 10.50000     6     6    -1
  7880 43.91667 10.37500    49    49    -1
  7881 43.93333 10.42500    39    39    -1
  7882 43.87775 10.47222     3     3    -1
  7883 43.87497 10.38056    29    29    -1
  7884 43.85278 10.45556     2     2    -1
  7885 43.83886 10.51111     2     2    -1
  7886 43.83333 10.48333     1     1    -1
  7887 43.80833 10.41389     2     2    -1
  7888 43.77778 10.51389     5     5    -1
  7889 43.77500 10.39722     2     2    -1
  7890 43.78056 10.26667     0     0    -1
  7891 43.82778 10.30556     0     0    -1
  7892 43.86389 10.26111     1     1    -1
  7893 43.94167 10.30833     3     3    -1
  7894 43.86664 10.26111     2     2    -1
  7895 43.98056 10.32222    59    59    -1
  7896 44.00278 10.28333    42    42    -1
  7897 44.01944 10.23889    44    44    -1
  7898 43.99164 10.22778     4     4    -1
  7899 43.99164 10.22778     4     4    -1
  7900 43.98889 10.16944     2     2    -1
  7901 44.03889 10.24722   116   116    -1
  7905 43.96389 11.32500    22    22    -1
  7906 44.00830 10.32222    40    40    -1
  7907 44.02778 10.17778    48    48    -1
  7908 43.83333 10.31667     0     0    -1
  7909 43.71111 10.40833     1     1    -1
  7910 43.86108 11.39167    39    39    -1
  7911 43.84164 11.26111    31    31    -1
  7912 43.83053 11.31111    27    27    -1
  7913 43.66111 11.25278    16    16    -1
  7914 43.69444 11.29167    18    18    -1
  7915 43.72775 11.31389    17    17    -1
  7916 44.01944 11.08056    55    55    -1
  7917 44.06667 11.09722    75    75    -1
  7918 43.93611 11.21111    41    41    -1
  7919 43.85278 11.16111     6     6    -1
  7920 43.77222 11.09722     4     4    -1
  7921 43.87775 11.09167     7     7    -1
  7922 43.99445 10.85556    63    63    -1
  7923 43.95553 10.82500    40    40    -1
  7924 43.88055 11.00000     4     4    -1
  7925 43.96111 11.06944    53    53    -1
  7927 43.53611 11.23056    38    38    -1
  7928 43.61942 11.15000    30    30    -1
  7929 43.71667 11.03056     5     5    -1
  7930 43.72222 10.93889     3     3    -1
  7931 43.77778 10.95833    25    25    -1
  7935 43.54167 11.03056     7     7    -1
  7936 43.68333 10.83889    11    11    -1
  7937 43.64719 10.73889    15    15    -1
  7938 43.96667 10.75556    80    80    -1
  7939 43.88055 10.75556     3     3    -1
  7940 43.82222 10.83056     2     2    -1
  7941 43.83611 10.91667    45    45    -1
  7942 43.95833 11.31944    22    22    -1
  7946 43.53611 10.79444    19    19    -1
  7947 43.52222 10.61944    13    13    -1
  7948 43.75000 10.55556    91    91    -1
  7949 43.63611 10.38333     0     0    -1
  7950 43.65000 10.58333     2     2    -1
  7951 43.88889 10.59444    24    24    -1
  7952 43.84722 10.66389    16    16    -1
  7953 43.77778 10.65833     3     3    -1
  7954 43.60278 10.53889     3     3    -1
  7955 43.53053 10.52778    13    13    -1
  7956 43.60278 10.34722     0     0    -1
  7957 43.63889 10.41111    31    31    -1
  7960 43.78056 11.23056     5     5    -1
  7961 43.75278 11.18889     5     5    -1
  7962 43.68053 10.64444     3     3    -1
  7963 43.64442 10.63056     2     2    -1
  7964 43.55556 10.29722     0     0    -1
  7965 43.50834 11.81667    25    25    -1
  7966 43.77500 11.05833     4     4    -1
  7967 43.73611 11.01667     3     3    -1
  7968 43.71944 10.80556     2     2    -1
  7969 43.68053 10.60833     3     3    -1
  7970 43.70833 10.40556     2     2    -1
  7971 44.16111 10.34167    38    38    -1
  7972 43.85556 10.50556     3     3    -1
  7973 44.00278 10.55000    14    14    -1
  7974 43.91942 10.29444    36    36    -1
  7975 43.96667 10.33889    67    67    -1
  7977 43.65000 11.09167    11    11    -1
  7979 43.88608 11.52778    16    16    -1
  8342 44.02778 10.27500    84    84    -1
  8343 43.99164 10.25000    36    36    -1
  8344 44.00830 10.20000    58    58    -1
  8345 43.95553 10.16111     0     0    -1
  8346 43.76942 11.42222     8     8    -1
  8349 44.08886 10.17778    87    87    -1
  8350 44.05556 10.17222    11    11    -1
  8352 43.74442 10.63056     0     0    -1
  8353 43.72222 10.31111     0     0    -1
  8385 45.09167 11.32500     0     0    -1
  8406 43.68053 10.64722     2     2    -1
  8409 44.08333 10.12778    43    43    -1
  8410 44.04722 10.06944     1     1    -1
  8411 44.07500 10.12778    10    10    -1
  8412 43.99445 10.26667     5     5    -1
  8419 43.80553 10.49167     2     2    -1
  8420 43.81111 10.49167     2     2    -1
  8421 43.81389 10.48889     2     2    -1
  8422 43.81389 10.48889     2     2    -1
